epoch,accuracy,loss,val_accuracy,val_loss
0,0.09405940771102905,5.4638671875,0.06743738055229187,3.5189273357391357
1,0.1365511566400528,3.1838700771331787,0.044315993785858154,3.7661900520324707
2,0.12376237660646439,3.1222705841064453,0.12427745759487152,3.152135133743286
3,0.13820132613182068,3.069800853729248,0.14354528486728668,2.9401795864105225
4,0.15305280685424805,2.965794086456299,0.06358381360769272,3.671515464782715
5,0.15346534550189972,2.9803333282470703,0.11175337433815002,3.216013193130493
6,0.15470297634601593,2.963536024093628,0.15606936812400818,3.0382139682769775
7,0.16460396349430084,2.923877477645874,0.1416184902191162,2.969059467315674
8,0.1794554442167282,2.8533453941345215,0.13198459148406982,3.0299155712127686
9,0.19224423170089722,2.84952974319458,0.09826589375734329,3.2585885524749756
10,0.1724422425031662,2.845341444015503,0.13005779683589935,2.933244466781616
11,0.20173268020153046,2.7455899715423584,0.10404624044895172,3.2470614910125732
12,0.21204620599746704,2.7141220569610596,0.07899807393550873,4.987112045288086
13,0.22235973179340363,2.684443235397339,0.08863198757171631,5.190433025360107
14,0.23102310299873352,2.676358222961426,0.053949903696775436,4.58405876159668
15,0.2458745837211609,2.5882558822631836,0.07803468406200409,4.283041954040527
16,0.2487623691558838,2.5693275928497314,0.15799614787101746,3.2177317142486572
17,0.2632013261318207,2.491145372390747,0.1464354544878006,3.4882051944732666
18,0.2731023132801056,2.481942653656006,0.1917148381471634,3.0597119331359863
19,0.2805280387401581,2.4225873947143555,0.16088631749153137,3.411534070968628
20,0.2759900987148285,2.4228150844573975,0.1339113712310791,3.466526746749878
21,0.29372936487197876,2.395603656768799,0.23121386766433716,2.6905014514923096
22,0.3077557682991028,2.3280067443847656,0.21001926064491272,2.9975550174713135
23,0.33250823616981506,2.277296304702759,0.17630058526992798,3.4689435958862305
24,0.3403465449810028,2.21174955368042,0.11175337433815002,5.009136199951172
25,0.34158414602279663,2.182732582092285,0.17822736501693726,3.0577452182769775
26,0.34983497858047485,2.1515095233917236,0.26396918296813965,2.5832877159118652
27,0.36427393555641174,2.1083176136016846,0.338150292634964,2.2719554901123047
28,0.36551153659820557,2.1147515773773193,0.25626203417778015,2.608003854751587
29,0.3667491674423218,2.0946099758148193,0.22350674867630005,2.98647141456604
30,0.382013201713562,2.0753116607666016,0.31695568561553955,2.3213717937469482
31,0.3997524678707123,1.9917839765548706,0.2678227424621582,2.5797228813171387
32,0.4051155149936676,1.9809290170669556,0.19653178751468658,3.232484817504883
33,0.42615512013435364,1.9047563076019287,0.2947976887226105,2.508775472640991
34,0.42615512013435364,1.9394099712371826,0.19653178751468658,3.046725034713745
35,0.3935643434524536,1.995315432548523,0.2899807393550873,2.497864007949829
36,0.43316832184791565,1.8653171062469482,0.13776493072509766,4.5947041511535645
37,0.46328383684158325,1.7669349908828735,0.3102119565010071,2.576686382293701
38,0.46369636058807373,1.7828693389892578,0.24566474556922913,2.7520806789398193
39,0.4727722704410553,1.7690143585205078,0.36512523889541626,2.1998729705810547
40,0.48803630471229553,1.6921237707138062,0.36994218826293945,2.2559237480163574
41,0.5,1.6493080854415894,0.3564547300338745,2.3229050636291504
42,0.5239273905754089,1.5840182304382324,0.38535645604133606,2.5380773544311523
43,0.5243399143218994,1.5887420177459717,0.23603083193302155,4.5626654624938965
44,0.5387789011001587,1.5278817415237427,0.3429672420024872,2.453204393386841
45,0.5358911156654358,1.5433677434921265,0.338150292634964,2.7235100269317627
46,0.5655940771102905,1.4466333389282227,0.3863198459148407,2.1869890689849854
47,0.5548679828643799,1.4581751823425293,0.3256261944770813,2.5094287395477295
48,0.580033004283905,1.3893064260482788,0.34489402174949646,2.771868944168091
49,0.5796204805374146,1.3729054927825928,0.37186896800994873,2.5471107959747314
