epoch,accuracy,loss,val_accuracy,val_loss
0,0.3114686608314514,2.826667070388794,0.4065510630607605,2.0902183055877686
1,0.4884488582611084,1.7191296815872192,0.46820810437202454,1.8717687129974365
2,0.5371286869049072,1.4794632196426392,0.4624277353286743,1.8730425834655762
3,0.5903465151786804,1.33128821849823,0.45086705684661865,1.8855966329574585
4,0.6101484894752502,1.2697640657424927,0.5096338987350464,1.724419355392456
5,0.6679043173789978,1.0825132131576538,0.5231214165687561,1.7079800367355347
6,0.6662541031837463,1.0532780885696411,0.5077071189880371,1.7885310649871826
7,0.6943069100379944,0.9841623902320862,0.5317919254302979,1.7268247604370117
8,0.7293729186058044,0.8647706508636475,0.5462427735328674,1.6337732076644897
9,0.7339109182357788,0.8425079584121704,0.5529865026473999,1.6551306247711182
10,0.7516501545906067,0.7881979942321777,0.5587668418884277,1.7239980697631836
11,0.7491748929023743,0.742480456829071,0.5423892140388489,1.767612099647522
12,0.7726897597312927,0.7142542600631714,0.5308285355567932,1.894126534461975
13,0.7916666865348816,0.6517760753631592,0.5693641901016235,1.7465755939483643
14,0.7916666865348816,0.6568481922149658,0.5491329431533813,1.760448932647705
15,0.8065181374549866,0.6291500329971313,0.5558766722679138,1.7196375131607056
16,0.8473597168922424,0.46915459632873535,0.5963391065597534,1.5612236261367798
17,0.8692244291305542,0.39507192373275757,0.5886319875717163,1.6017796993255615
18,0.8882012963294983,0.3523640036582947,0.6088631749153137,1.5983870029449463
19,0.8927392959594727,0.3283097445964813,0.610789954662323,1.621756911277771
20,0.8927392959594727,0.34573137760162354,0.5780346989631653,1.7148334980010986
21,0.8968647122383118,0.3049304187297821,0.589595377445221,1.7295335531234741
22,0.8902640342712402,0.3391318619251251,0.6040462255477905,1.686372995376587
23,0.912953794002533,0.28790879249572754,0.5655105710029602,1.728239893913269
24,0.9137789011001587,0.26983577013015747,0.6184971332550049,1.7014708518981934
25,0.9348185062408447,0.2259252816438675,0.6165703535079956,1.624464988708496
26,0.9158415794372559,0.2495023012161255,0.6069363951683044,1.5913013219833374
27,0.9352310299873352,0.21225808560848236,0.6030828356742859,1.6495513916015625
28,0.9344059228897095,0.2031070441007614,0.6059730052947998,1.6715738773345947
29,0.933993399143219,0.2090197056531906,0.6088631749153137,1.625319242477417
30,0.941006600856781,0.18566887080669403,0.6117533445358276,1.6605157852172852
31,0.9447194933891296,0.17898400127887726,0.636801540851593,1.5851569175720215
32,0.9496699571609497,0.17384178936481476,0.6358381509780884,1.5973305702209473
33,0.9509075880050659,0.16750329732894897,0.6300578117370605,1.626969814300537
34,0.9500824809074402,0.1636829674243927,0.6213873028755188,1.6283031702041626
35,0.9488449096679688,0.16822072863578796,0.6059730052947998,1.6839425563812256
36,0.9546204805374146,0.16389712691307068,0.6223506927490234,1.6680370569229126
37,0.9513201117515564,0.15451939404010773,0.615606963634491,1.6642820835113525
38,0.9537953734397888,0.15167905390262604,0.6059730052947998,1.7151401042938232
39,0.9595709443092346,0.1362428516149521,0.615606963634491,1.6505606174468994
40,0.9542078971862793,0.14011411368846893,0.6213873028755188,1.6003698110580444
41,0.9529703259468079,0.1555631160736084,0.6271676421165466,1.597649097442627
42,0.9566831588745117,0.14969296753406525,0.6290944218635559,1.6076350212097168
43,0.9537953734397888,0.14763227105140686,0.6175337433815002,1.6174103021621704
44,0.955033004283905,0.15100492537021637,0.6146435737609863,1.7015548944473267
45,0.9525577425956726,0.15189343690872192,0.6213873028755188,1.6428543329238892
46,0.9632838368415833,0.1274467408657074,0.6252408623695374,1.6232563257217407
47,0.9575082659721375,0.14121924340724945,0.6252408623695374,1.618912696838379
48,0.9624587297439575,0.12845563888549805,0.6290944218635559,1.613283634185791
49,0.962046205997467,0.13305403292179108,0.6310212016105652,1.6108686923980713
50,0.9579207897186279,0.13928794860839844,0.6435452699661255,1.5555980205535889
51,0.9603960514068604,0.12871873378753662,0.6512523889541626,1.6349573135375977
52,0.9641088843345642,0.13457010686397552,0.626204252243042,1.6238691806793213
53,0.9636963605880737,0.13209903240203857,0.6464354395866394,1.576205849647522
54,0.9616336822509766,0.12477560341358185,0.6290944218635559,1.615364909172058
55,0.9595709443092346,0.136842742562294,0.6348747611045837,1.6419014930725098
56,0.969059407711029,0.1270861178636551,0.6319845914840698,1.5691075325012207
57,0.9641088843345642,0.1295054405927658,0.6194605231285095,1.6286975145339966
58,0.9641088843345642,0.1297253519296646,0.636801540851593,1.6098551750183105
59,0.9616336822509766,0.131138876080513,0.6194605231285095,1.6134746074676514
60,0.9653465151786804,0.1365799903869629,0.6233140826225281,1.5958046913146973
61,0.9595709443092346,0.13067233562469482,0.6445086598396301,1.5207757949829102
62,0.9665841460227966,0.12150327861309052,0.6194605231285095,1.6138195991516113
63,0.9715346693992615,0.12196368724107742,0.6531791687011719,1.5604783296585083
64,0.9591584205627441,0.13409385085105896,0.636801540851593,1.6434828042984009
65,0.9657590985298157,0.11521371454000473,0.626204252243042,1.6019238233566284
66,0.9649339914321899,0.11348044872283936,0.6242774724960327,1.5703446865081787
67,0.9603960514068604,0.1246294304728508,0.6329479813575745,1.6210418939590454
68,0.9665841460227966,0.11346745491027832,0.6242774724960327,1.6907376050949097
69,0.9521452188491821,0.15084834396839142,0.6252408623695374,1.6103028059005737
70,0.9645214676856995,0.11940770596265793,0.6406551003456116,1.5958362817764282
71,0.9641088843345642,0.12403210997581482,0.636801540851593,1.5193895101547241
72,0.9715346693992615,0.10951773077249527,0.6483622193336487,1.5755037069320679
73,0.971947193145752,0.10608134418725967,0.6310212016105652,1.609706163406372
74,0.9698845148086548,0.10790061205625534,0.6425818800926208,1.5971648693084717
75,0.9612210988998413,0.12827150523662567,0.6204239130020142,1.610330581665039
76,0.9674092531204224,0.11550810188055038,0.6271676421165466,1.5760536193847656
77,0.9566831588745117,0.13732679188251495,0.615606963634491,1.6790488958358765
78,0.9641088843345642,0.12114859372377396,0.6319845914840698,1.5923665761947632
79,0.9632838368415833,0.1257067769765854,0.6242774724960327,1.6094752550125122
80,0.9686468839645386,0.11478032171726227,0.636801540851593,1.5961296558380127
81,0.9674092531204224,0.11148427426815033,0.6310212016105652,1.5442137718200684
82,0.9661716222763062,0.11083953827619553,0.6329479813575745,1.5584893226623535
83,0.9678217768669128,0.11439045518636703,0.6435452699661255,1.5738393068313599
84,0.9760726094245911,0.10296373069286346,0.6223506927490234,1.5926616191864014
85,0.9645214676856995,0.12342613935470581,0.6377649307250977,1.593355417251587
86,0.9744224548339844,0.10093441605567932,0.6406551003456116,1.6059025526046753
87,0.9674092531204224,0.1166008934378624,0.6358381509780884,1.6165978908538818
88,0.9641088843345642,0.12265045195817947,0.6406551003456116,1.5331037044525146
89,0.9711220860481262,0.11004190146923065,0.6252408623695374,1.6296945810317993
90,0.9608085751533508,0.12213075906038284,0.6050096154212952,1.7403461933135986
91,0.969059407711029,0.11576898396015167,0.647398829460144,1.5809776782989502
92,0.9641088843345642,0.12085086852312088,0.6271676421165466,1.585854411125183
93,0.9636963605880737,0.1233837753534317,0.6416184902191162,1.6102524995803833
94,0.9649339914321899,0.12692999839782715,0.6425818800926208,1.5751123428344727
95,0.969059407711029,0.10583479702472687,0.6406551003456116,1.6043285131454468
96,0.9669967293739319,0.12432725727558136,0.6281310319900513,1.6067476272583008
97,0.9636963605880737,0.12429696321487427,0.636801540851593,1.5619959831237793
98,0.9686468839645386,0.12370278686285019,0.6271676421165466,1.6254065036773682
99,0.9657590985298157,0.1141655445098877,0.6512523889541626,1.5448836088180542
