epoch,accuracy,loss,val_accuracy,val_loss
0,0.17904290556907654,2.891986608505249,0.2697495222091675,2.558504104614258
1,0.31641915440559387,2.348970413208008,0.3333333432674408,2.2703194618225098
2,0.39150163531303406,2.0737216472625732,0.4094412326812744,2.066683292388916
3,0.4282178282737732,1.9153757095336914,0.41040462255477905,2.0059609413146973
4,0.4641089141368866,1.819448709487915,0.4296724498271942,1.9379925727844238
5,0.5012376308441162,1.6828135251998901,0.46531790494918823,1.8659522533416748
6,0.5206270813941956,1.59608793258667,0.44797688722610474,1.9170173406600952
7,0.5437293648719788,1.5280990600585938,0.4768786132335663,1.7697992324829102
8,0.5672442317008972,1.4685935974121094,0.4566473960876465,1.7836381196975708
9,0.5701320171356201,1.4227755069732666,0.510597288608551,1.7087883949279785
10,0.5701320171356201,1.3882689476013184,0.4768786132335663,1.7195693254470825
11,0.6043729186058044,1.3146207332611084,0.5115606784820557,1.644168734550476
12,0.6084983348846436,1.2786473035812378,0.5414258241653442,1.6331827640533447
13,0.6283003091812134,1.2212692499160767,0.5202311873435974,1.6273746490478516
14,0.6332508325576782,1.1936008930206299,0.5144508481025696,1.6550151109695435
15,0.6344884634017944,1.166664719581604,0.5163776278495789,1.6884126663208008
16,0.6476897597312927,1.1377252340316772,0.5144508481025696,1.6514146327972412
17,0.6526402831077576,1.1208518743515015,0.5240848064422607,1.6344846487045288
18,0.6646039485931396,1.0727459192276,0.5423892140388489,1.586901068687439
19,0.6712046265602112,1.0533946752548218,0.5327553153038025,1.5810515880584717
20,0.6872937083244324,1.0223199129104614,0.5144508481025696,1.7203879356384277
21,0.698019802570343,0.9889070391654968,0.5356454849243164,1.6164287328720093
22,0.6885313391685486,1.0036829710006714,0.5414258241653442,1.5755096673965454
23,0.7157590985298157,0.9357439875602722,0.5308285355567932,1.6018282175064087
24,0.721947193145752,0.9362556338310242,0.539499044418335,1.6207219362258911
25,0.7198845148086548,0.9000146389007568,0.5375722646713257,1.5574747323989868
26,0.7145214676856995,0.8795506358146667,0.536608874797821,1.5707522630691528
27,0.7400990128517151,0.8633301258087158,0.5549132823944092,1.5690770149230957
28,0.728960394859314,0.8615683317184448,0.5452793836593628,1.5802332162857056
29,0.7400990128517151,0.8220794200897217,0.539499044418335,1.595112919807434
30,0.7388613820075989,0.8214901685714722,0.550096333026886,1.5504584312438965
31,0.7566006779670715,0.7924702763557434,0.5722543597221375,1.5086010694503784
32,0.7607260942459106,0.7638369202613831,0.5645471811294556,1.5308284759521484
33,0.7636138796806335,0.7566695809364319,0.5510597229003906,1.590042233467102
34,0.7660890817642212,0.7497773766517639,0.5635837912559509,1.5662016868591309
35,0.7524752616882324,0.765204906463623,0.5346820950508118,1.616609811782837
36,0.771039605140686,0.7347902059555054,0.536608874797821,1.6728129386901855
37,0.7735148668289185,0.7276752591133118,0.5481695532798767,1.615634560585022
38,0.7937293648719788,0.677173376083374,0.5337187051773071,1.6191152334213257
39,0.7772276997566223,0.6943219900131226,0.5876685976982117,1.522273302078247
40,0.7693894505500793,0.6779657602310181,0.5789980888366699,1.4653303623199463
41,0.7912541031837463,0.6567531228065491,0.5626204013824463,1.606642723083496
42,0.801980197429657,0.631395161151886,0.5529865026473999,1.613187313079834
43,0.8007425665855408,0.637078046798706,0.5674373507499695,1.5559332370758057
44,0.7962046265602112,0.6421521306037903,0.5664739608764648,1.626166820526123
45,0.7962046265602112,0.6308239698410034,0.5770713090896606,1.5463955402374268
46,0.8098185062408447,0.6007440090179443,0.5626204013824463,1.5705766677856445
47,0.8114686608314514,0.5865299105644226,0.560693621635437,1.593014121055603
48,0.8118811845779419,0.584074854850769,0.5886319875717163,1.5113775730133057
49,0.8238449096679688,0.5742129683494568,0.5818882584571838,1.554634928703308
