epoch,accuracy,loss,val_accuracy,val_loss
0,0.2400990128517151,4.979849338531494,0.3766859471797943,2.374997138977051
1,0.4306930601596832,2.072946786880493,0.41329479217529297,2.0378308296203613
2,0.5024752616882324,1.7016443014144897,0.47109827399253845,1.8594849109649658
3,0.566006600856781,1.479000210762024,0.48843929171562195,1.8658150434494019
4,0.5957095623016357,1.2760547399520874,0.4903661012649536,1.8750526905059814
5,0.6435643434524536,1.1522700786590576,0.4903661012649536,1.8122491836547852
6,0.6670792102813721,1.075596809387207,0.5134874582290649,1.7469987869262695
7,0.6811056137084961,1.0065301656723022,0.5529865026473999,1.7513620853424072
8,0.7314356565475464,0.8838286399841309,0.5192677974700928,1.7223851680755615
9,0.7260726094245911,0.8786802291870117,0.539499044418335,1.764729380607605
10,0.7504125237464905,0.806083083152771,0.5356454849243164,1.7731035947799683
11,0.7702144980430603,0.7547019720077515,0.5077071189880371,1.8788378238677979
12,0.7772276997566223,0.7239091992378235,0.536608874797821,1.8637064695358276
13,0.7673267126083374,0.7026709318161011,0.5558766722679138,1.8188190460205078
14,0.7912541031837463,0.6532295942306519,0.5443159937858582,1.7942726612091064
15,0.8184818625450134,0.5459144711494446,0.5780346989631653,1.724552035331726
16,0.8143564462661743,0.5924978256225586,0.5346820950508118,1.843605875968933
17,0.8188943862915039,0.5862981081008911,0.5443159937858582,1.8700647354125977
18,0.816006600856781,0.5601847171783447,0.5375722646713257,1.9794636964797974
19,0.8617987036705017,0.44448262453079224,0.5674373507499695,1.7071784734725952
20,0.8857260942459106,0.38110798597335815,0.5857418179512024,1.729105830192566
21,0.8774752616882324,0.3755476474761963,0.5789980888366699,1.8369522094726562
22,0.8964521288871765,0.3262990713119507,0.5828516483306885,1.7780258655548096
23,0.9051154851913452,0.2970714867115021,0.589595377445221,1.7447845935821533
24,0.9026402831077576,0.29989850521087646,0.5857418179512024,1.8512623310089111
25,0.9092409014701843,0.289550244808197,0.586705207824707,1.8313255310058594
26,0.9141914248466492,0.27112266421318054,0.5934489369392395,1.7314870357513428
27,0.9104785323143005,0.28441667556762695,0.576107919216156,1.9112409353256226
28,0.9092409014701843,0.27394038438796997,0.5982658863067627,1.8491554260253906
29,0.9150164723396301,0.27101701498031616,0.5674373507499695,1.900494933128357
30,0.9220296740531921,0.23907536268234253,0.5934489369392395,1.8213934898376465
31,0.9348185062408447,0.2178749144077301,0.6127167344093323,1.7432793378829956
32,0.9397689700126648,0.2100263088941574,0.589595377445221,1.7940359115600586
33,0.9401814937591553,0.18770083785057068,0.600192666053772,1.8484116792678833
34,0.9459571242332458,0.1775895059108734,0.5886319875717163,1.8510916233062744
35,0.9381188154220581,0.19424152374267578,0.6040462255477905,1.8856087923049927
36,0.9418317079544067,0.1822790652513504,0.6194605231285095,1.7961398363113403
37,0.933993399143219,0.19399601221084595,0.6011560559272766,1.7713348865509033
38,0.9393564462661743,0.19732651114463806,0.5905587673187256,1.8779311180114746
39,0.9492574334144592,0.18449042737483978,0.6117533445358276,1.8119566440582275
40,0.9496699571609497,0.15444990992546082,0.6088631749153137,1.8263307809829712
41,0.941006600856781,0.17299465835094452,0.6146435737609863,1.8021866083145142
42,0.9513201117515564,0.15073400735855103,0.6117533445358276,1.900840163230896
43,0.9583333134651184,0.14960810542106628,0.6204239130020142,1.783271074295044
44,0.9509075880050659,0.1576177179813385,0.6233140826225281,1.802154541015625
45,0.9566831588745117,0.13740397989749908,0.5982658863067627,1.826782464981079
46,0.9632838368415833,0.12611068785190582,0.6021194458007812,1.8728972673416138
47,0.9587458968162537,0.13915909826755524,0.6069363951683044,1.7748461961746216
48,0.9525577425956726,0.14984457194805145,0.6117533445358276,1.8589143753051758
49,0.955033004283905,0.14032034575939178,0.6165703535079956,1.7854770421981812
